0.2085447263017356
-0.1390476190476189
0.46245059288537527
0.2636363636363638
0.41071428571428553
0.0473790322580648
0.14285714285714282
0.04029791195637708
0.5789473684210529
0.2596153846153847
0.1805023923444973
-0.17293233082706738
0.5555555555555557
0.3777777777777776
-0.17948717948717957
0.25
0.48187633262260104
0.2427884615384616
0.3623481781376518
0.6363636363636365
0.06666666666666647
0.2584325396825398
0.13412563667232583
-0.09714285714285714
-0.43188405797101453
0.7185185185185188
0.34381408065618574
0.30735930735930733
-0.08333333333333347
0.34967741935483876
0.5508021390374332
0.10624999999999984
0.1108870967741936
0.21981424148606798
0.21428571428571427
0.42857142857142827
0.09433962264150944
0.3571428571428568
-0.06666666666666667
0.2416666666666665
0.2982456140350878
-0.013833992094861428
0.3735902255639101
0.22634782608695667
0.270046082949309
0.14570299265951425
1.0
0.40476190476190477
-0.2923076923076922
0.2592592592592591
0.544642857142857
0.4058641975308646
0.07969333654657147
-0.07692307692307687
0.15413533834586463
0.012903225806451757
0.20421052631578976
0.4642857142857142
0.5828877005347595
-0.2055555555555553
0.03750000000000007
0.12068965517241384
0.3976689976689974
0.5326923076923078
0.13692307692307695
0.36342592592592565
0.059288537549407015
0.4823529411764708
0.2928692699490664
0.6515426497277675
0.7035294117647058
0.3004299120144229
-0.04812834224598905
0.2276772247360484
0.10308575677461991
0.5241379310344825
0.5324675324675324
0.48181818181818187
0.20773171867722398
0.20232558139534887
0.7983193277310924
-0.05295566502463059
0.3289760348583877
-0.003095975232198156
0.5037593984962403
0.2034632034632037
0.45701357466063364
0.21428571428571355
0.6904761904761905
0.7802197802197802
-0.30000000000000004
0.154648956356736
0.02777777777777803
0.42857142857142855
0.5808823529411765
0.22619047619047625
0.6666666666666665
0.508159392789374
0.16118421052631585
0.1888888888888887
0.03703703703703698
0.498847926267281
0.2861842105263158
0.3863636363636365
0.1652173913043478
0.23067632850241562
0.4642857142857142
-0.03846153846153847
0.16380789022298461
0.3015873015873014
0.23333333333333336
0.5553359683794469
0.12121212121212128
0.07428571428571396
0.20132669983416268
0.6714975845410628
-0.06060606060606034
0.3437499999999998
0.3155555555555556
0.8362573099415205
0.055643879173290736
0.5095131359466224
0.06025934401220433
0.16736436017401266
0.40413793103448264
0.4965034965034966
0.13214285714285698
0.16650049850448662
0.13178294573643437
0.7076023391812865
0.5058823529411767
0.6029411764705881
0.23001402524544204
0.1466049382716048
0.5714285714285714
0.25809401865739906
0.2524999999999999
0.2100484261501205
0.20476783490482126
0.253588516746411
0.2410326086956522
0.4814814814814816
-0.3475935828877002
0.09222778531655018
0.1820837390457643
-0.06382978723404241
0.7142857142857142
0.24137931034482762
0.3382352941176471
0.33333333333333326
0.24999999999999986
-0.025252525252525172
0.44927536231884047
0.26269592476489045
0.21328224776500618
0.4612794612794613
0.2546153846153847
0.5725000000000001
0.2582417582417583
-0.03556187766714091
0.3973080757726815
-0.04812834224598905
0.48148148148148157
0.17826086956521775
0.2729134664618534
0.5612535612535614
0.22207215898128513
0.43333333333333324
1.0
0.10144927536231857
0.31944444444444475
0.17857142857142894
0.03043297004347562
0.32022029897718324
0.5553359683794469
0.27253302253302236
0.21212121212121227
0.2749999999999997
0.4902097902097903
0.20879120879120866
-0.050000000000000086
0.6666666666666666
0.4291754756871034
0.3623481781376518
0.470558992487848
0.42857142857142855
0.20343137254901944
0.2159709618874774
0.2153846153846156
0.060508413891872566
-0.041702127659574345
0.7499999999999999
0.676063829787234
0.1428571428571424
0.25333333333333347
0.5927601809954752
0.26108374384236466
0.11004784688995221
0.43277310924369716
0.2900503165070604
0.4982578397212543
